17014 28
16983 59
137158 10804
15230 614
52529 2599
10248 414
158131 10169
13546 60
17000 93
9856 66
10303 354
10240 406
17866 323
47572 4663
10616 272
6168 414
29094 1473
6622 288
27985 1262
21967 1534
9515 407
97888 7998
300 4804
10458 235
37709 5200
19287 715
14479 348
14939 462
23446 2249
59214 1174
17852 309
8531 221
6004 227
10378 315
10773 115
10773 115
18720 349
8689 292
7837 233
16261 572
9185 334
18541 31
18541 31
38322 4587
9692 230
12346 110
19216 791
18052 319
18157 214
9006 272
9466 87
79000 8244
7670 138
11009 40
59692 868
18655 284
20512 288
10620 268
6743 197
16263 570
141083 6879
19827 180
21856 106
12587 1229
99679 5369
13685 131
12463 192
12463 192
11467 161
17825 2
38439 3244
8689 292
30625 450
57447 727
7163 51
39247 2436
4901 601
2665 873
8280 8
18881 309
6698 283
5096 406
8465 395
191360 43398
7587 483
5216 286
9293 30
38667 3016
30625 450
11199 311
16501 212
8984 150
9754 81
5961 270
45308 2406
66720 3649
66720 3649
7264 283
10620 268
14134 45
80863 6551
14529 350
55143 152
14193 461
12722 982
28858 593
29111 640
35584 1337
176523 34379
23100 355
36325 2078
66485 1188
28082 183
28082 183
12470 1234
50616 4512
10606 282
14529 350
10158 209
13029 374
73261 1205
14438 259
33628 595
25186 811
33280 316
6077 154
16649 360
25125 872
13488 118
22113 632
